500000 69
8495000 84
16490000 89
24485000 90
32480000 90
40475000 94
48470000 94
56465000 94
64460000 95
72455000 95
80450000 95
88445000 95
96440000 95
104435000 99
112430000 99
120425000 99
128420000 99
136415000 99
144410000 99
152405000 99
160400000 99
168395000 100
176390000 100
184385000 100
192380000 100
200375000 100
208370000 100
216365000 100
224360000 100
232355000 100
240350000 100
248345000 100
256340000 100
264335000 100
272330000 104
280325000 104
288320000 104
296315000 104
304310000 104
312305000 104
320300000 104
328295000 104
336290000 104
344285000 104
352280000 104
360275000 104
368270000 104
376265000 104
384260000 104
392255000 104
400250000 104
408245000 104
416240000 104
424235000 104
432230000 104
440225000 105
448220000 105
456215000 105
464210000 105
472205000 105
480200000 105
488195000 105
496190000 105
504185000 105
512180000 105
520175000 105
528170000 105
536165000 105
544160000 105
552155000 105
560150000 105
568145000 105
576140000 105
584135000 105
592130000 105
600125000 105
608120000 105
616115000 105
624110000 105
632105000 105
640100000 105
648095000 105
656090000 105
664085000 105
672080000 105
680075000 105
688070000 105
696065000 105
704060000 109
712055000 109
720050000 109
728045000 109
736040000 109
744035000 109
752030000 109
760025000 109
768020000 109
776015000 109
784010000 109
792005000 109
800000000 109
