500000 73
8495000 91
16490000 91
24485000 97
32480000 97
40475000 97
48470000 97
56465000 97
64460000 97
72455000 103
80450000 103
88445000 103
96440000 103
104435000 103
112430000 103
120425000 103
128420000 103
136415000 103
144410000 103
152405000 103
160400000 103
168395000 103
176390000 103
184385000 103
192380000 103
200375000 109
208370000 109
216365000 109
224360000 109
232355000 109
240350000 109
248345000 109
256340000 109
264335000 109
272330000 109
280325000 109
288320000 109
296315000 109
304310000 109
312305000 109
320300000 109
328295000 109
336290000 109
344285000 109
352280000 109
360275000 109
368270000 109
376265000 109
384260000 109
392255000 109
400250000 109
408245000 109
416240000 109
424235000 109
432230000 109
440225000 109
448220000 109
456215000 109
464210000 109
472205000 109
480200000 109
488195000 109
496190000 109
504185000 109
512180000 109
520175000 109
528170000 109
536165000 109
544160000 109
552155000 109
560150000 109
568145000 109
576140000 109
584135000 115
592130000 115
600125000 115
608120000 115
616115000 115
624110000 115
632105000 115
640100000 115
648095000 115
656090000 115
664085000 115
672080000 115
680075000 115
688070000 115
696065000 115
704060000 115
712055000 115
720050000 115
728045000 115
736040000 115
744035000 115
752030000 115
760025000 115
768020000 115
776015000 115
784010000 115
792005000 115
800000000 115
