500000 500000
8495000 8495000
16490000 16490000
24485000 24485000
32480000 32480000
40475000 40475000
48470000 48470000
56465000 56465000
64460000 64460000
72455000 72455000
80450000 80450000
88445000 88445000
96440000 96440000
104435000 104435000
112430000 112430000
120425000 120425000
128420000 128420000
136415000 136415000
144410000 144410000
152405000 152405000
160400000 160400000
168395000 168395000
176390000 176390000
184385000 184385000
192380000 192380000
200375000 200375000
208370000 208370000
216365000 216365000
224360000 224360000
232355000 232355000
240350000 240350000
248345000 248345000
256340000 256340000
264335000 264335000
272330000 272330000
280325000 280325000
288320000 288320000
296315000 296315000
304310000 304310000
312305000 312305000
320300000 320300000
328295000 328295000
336290000 336290000
344285000 344285000
352280000 352280000
360275000 360275000
368270000 368270000
376265000 376265000
384260000 384260000
392255000 392255000
400250000 400250000
408245000 408245000
416240000 416240000
424235000 424235000
432230000 432230000
440225000 440225000
448220000 448220000
456215000 456215000
464210000 464210000
472205000 472205000
480200000 480200000
488195000 488195000
496190000 496190000
504185000 504185000
512180000 512180000
520175000 520175000
528170000 528170000
536165000 536165000
544160000 544160000
552155000 552155000
560150000 560150000
568145000 568145000
576140000 576140000
584135000 584135000
592130000 592130000
600125000 600125000
608120000 608120000
616115000 616115000
624110000 624110000
632105000 632105000
640100000 640100000
648095000 648095000
656090000 656090000
664085000 664085000
672080000 672080000
680075000 680075000
688070000 688070000
696065000 696065000
704060000 704060000
712055000 712055000
720050000 720050000
728045000 728045000
736040000 736040000
744035000 744035000
752030000 752030000
760025000 760025000
768020000 768020000
776015000 776015000
784010000 784010000
792005000 792005000
800000000 800000000
