500000 0.000000202630
8495000 0.000000246240
16490000 0.000000249260
24485000 0.000000262780
32480000 0.000000259630
40475000 0.000000263550
48470000 0.000000270220
56465000 0.000000264180
64460000 0.000000278290
72455000 0.000000274960
80450000 0.000000273530
88445000 0.000000275350
96440000 0.000000402680
104435000 0.000000274190
112430000 0.000000275880
120425000 0.000000273980
128420000 0.000000549980
136415000 0.000000284440
144410000 0.000000284880
152405000 0.000000295100
160400000 0.000000294960
168395000 0.000000288440
176390000 0.000000293850
184385000 0.000000296050
192380000 0.000000428930
200375000 0.000000296810
208370000 0.000000285590
216365000 0.000000394670
224360000 0.000000317150
232355000 0.000000308810
240350000 0.000000290020
248345000 0.000000286190
256340000 0.000000286850
264335000 0.000000284070
272330000 0.000000292280
280325000 0.000000291560
288320000 0.000000292880
296315000 0.000000302700
304310000 0.000000364430
312305000 0.000000361380
320300000 0.000000360970
328295000 0.000000364220
336290000 0.000000363200
344285000 0.000000363480
352280000 0.000000369360
360275000 0.000000368400
368270000 0.000000491450
376265000 0.000000359540
384260000 0.000000531940
392255000 0.000000364680
400250000 0.000000364130
408245000 0.000000364930
416240000 0.000000365500
424235000 0.000000364820
432230000 0.000000363810
440225000 0.000000365430
448220000 0.000000361380
456215000 0.000000366350
464210000 0.000000362890
472205000 0.000000364090
480200000 0.000000366800
488195000 0.000000361470
496190000 0.000000369060
504185000 0.000000364480
512180000 0.000000381530
520175000 0.000000369580
528170000 0.000000369410
536165000 0.000000367490
544160000 0.000000380160
552155000 0.000000372500
560150000 0.000000379680
568145000 0.000000376050
576140000 0.000000408430
584135000 0.000000372110
592130000 0.000000375180
600125000 0.000000377810
608120000 0.000000378000
616115000 0.000000376000
624110000 0.000000374500
632105000 0.000000370630
640100000 0.000000375300
648095000 0.000000377170
656090000 0.000000373140
664085000 0.000000377510
672080000 0.000000377420
680075000 0.000000380490
688070000 0.000000375380
696065000 0.000000381240
704060000 0.000000384480
712055000 0.000000374910
720050000 0.000000375420
728045000 0.000000374340
736040000 0.000000379820
744035000 0.000000372590
752030000 0.000000375200
760025000 0.000000376120
768020000 0.000000377930
776015000 0.000000381780
784010000 0.000000380000
792005000 0.000000376080
800000000 0.000000380330
