500000 0.000000148070
8495000 0.000000185410
16490000 0.000000188230
24485000 0.000000194980
32480000 0.000000197360
40475000 0.000000198570
48470000 0.000000202530
56465000 0.000000201760
64460000 0.000000211120
72455000 0.000000208580
80450000 0.000000206180
88445000 0.000000207870
96440000 0.000000219890
104435000 0.000000213240
112430000 0.000000209800
120425000 0.000000209370
128420000 0.000000218240
136415000 0.000000220580
144410000 0.000000218520
152405000 0.000000221590
160400000 0.000000225140
168395000 0.000000216530
176390000 0.000000225320
184385000 0.000000225320
192380000 0.000000224170
200375000 0.000000226490
208370000 0.000000218010
216365000 0.000000227460
224360000 0.000000232100
232355000 0.000000241230
240350000 0.000000212760
248345000 0.000000214580
256340000 0.000000214280
264335000 0.000000212950
272330000 0.000000223280
280325000 0.000000227190
288320000 0.000000226290
296315000 0.000000234160
304310000 0.000000275420
312305000 0.000000275060
320300000 0.000000276430
328295000 0.000000275940
336290000 0.000000278940
344285000 0.000000276180
352280000 0.000000275940
360275000 0.000000277630
368270000 0.000000314630
376265000 0.000000278900
384260000 0.000000344200
392255000 0.000000275910
400250000 0.000000278780
408245000 0.000000274760
416240000 0.000000278510
424235000 0.000000278750
432230000 0.000000276000
440225000 0.000000275120
448220000 0.000000274290
456215000 0.000000276350
464210000 0.000000274350
472205000 0.000000273580
480200000 0.000000271910
488195000 0.000000275390
496190000 0.000000277060
504185000 0.000000271540
512180000 0.000000274920
520175000 0.000000276250
528170000 0.000000273040
536165000 0.000000276730
544160000 0.000000284390
552155000 0.000000285690
560150000 0.000000283690
568145000 0.000000280550
576140000 0.000000283540
584135000 0.000000283330
592130000 0.000000286770
600125000 0.000000284650
608120000 0.000000284370
616115000 0.000000279050
624110000 0.000000282420
632105000 0.000000279550
640100000 0.000000285060
648095000 0.000000284640
656090000 0.000000280350
664085000 0.000000280400
672080000 0.000000280070
680075000 0.000000281800
688070000 0.000000282870
696065000 0.000000279650
704060000 0.000000287090
712055000 0.000000285090
720050000 0.000000279890
728045000 0.000000289320
736040000 0.000000284110
744035000 0.000000278330
752030000 0.000000280470
760025000 0.000000283460
768020000 0.000000287120
776015000 0.000000280590
784010000 0.000000283660
792005000 0.000000279780
800000000 0.000000288640
