500000 0.000001642470
8495000 0.000006610700
16490000 0.000009345700
24485000 0.000011982690
32480000 0.000012937980
40475000 0.000015132210
48470000 0.000016473980
56465000 0.000017082070
64460000 0.000021140950
72455000 0.000019296460
80450000 0.000021262140
88445000 0.000021852960
96440000 0.000023459030
104435000 0.000023872850
112430000 0.000025181990
120425000 0.000024904820
128420000 0.000026551130
136415000 0.000027969530
144410000 0.000029229130
152405000 0.000029794430
160400000 0.000030497320
168395000 0.000029419020
176390000 0.000036591600
184385000 0.000031835830
192380000 0.000035723530
200375000 0.000034853910
208370000 0.000034927490
216365000 0.000036453910
224360000 0.000040510810
232355000 0.000038240740
240350000 0.000035138890
248345000 0.000035685160
256340000 0.000036233820
264335000 0.000036798350
272330000 0.000037304450
280325000 0.000038434100
288320000 0.000039777020
296315000 0.000040750770
304310000 0.000050108870
312305000 0.000049724590
320300000 0.000050264970
328295000 0.000050879450
336290000 0.000058623660
344285000 0.000052109930
352280000 0.000055270980
360275000 0.000053383740
368270000 0.000057608680
376265000 0.000058673680
384260000 0.000060121660
392255000 0.000056945570
400250000 0.000062727660
408245000 0.000056759020
416240000 0.000057471120
424235000 0.000061996790
432230000 0.000059956250
440225000 0.000062382070
448220000 0.000059320250
456215000 0.000059929440
464210000 0.000060540840
472205000 0.000064193660
480200000 0.000061438410
488195000 0.000061914170
496190000 0.000062514340
504185000 0.000063034310
512180000 0.000064213690
520175000 0.000063994110
528170000 0.000064325590
536165000 0.000064916210
544160000 0.000065364470
552155000 0.000065805720
560150000 0.000066275990
568145000 0.000066823440
576140000 0.000067352870
584135000 0.000067734820
592130000 0.000068229950
600125000 0.000068715650
608120000 0.000069111430
616115000 0.000069487600
624110000 0.000070040670
632105000 0.000070686340
640100000 0.000070895550
648095000 0.000071388540
656090000 0.000071820030
664085000 0.000072084010
672080000 0.000073292880
680075000 0.000073079360
688070000 0.000073551970
696065000 0.000073891330
704060000 0.000074252870
712055000 0.000074687180
720050000 0.000075155840
728045000 0.000075665840
736040000 0.000076012650
744035000 0.000076347930
752030000 0.000076998950
760025000 0.000077023300
768020000 0.000077721270
776015000 0.000077996460
784010000 0.000078470960
792005000 0.000078723170
800000000 0.000079229670
