500000 0.000000171800
8495000 0.000000218930
16490000 0.000000209810
24485000 0.000000229240
32480000 0.000000233320
40475000 0.000000221480
48470000 0.000000218090
56465000 0.000000222860
64460000 0.000000226540
72455000 0.000000252930
80450000 0.000000249630
88445000 0.000000282210
96440000 0.000000243000
104435000 0.000000248950
112430000 0.000000251200
120425000 0.000000249400
128420000 0.000000256120
136415000 0.000000252940
144410000 0.000000243760
152405000 0.000000254680
160400000 0.000000260240
168395000 0.000000242050
176390000 0.000000329930
184385000 0.000000259800
192380000 0.000000395330
200375000 0.000000258660
208370000 0.000000255810
216365000 0.000000536580
224360000 0.000000249320
232355000 0.000000295320
240350000 0.000000253870
248345000 0.000000253710
256340000 0.000000253210
264335000 0.000000254590
272330000 0.000000248590
280325000 0.000000259590
288320000 0.000000251460
296315000 0.000000276260
304310000 0.000000311430
312305000 0.000000317350
320300000 0.000000307890
328295000 0.000000310990
336290000 0.000000314190
344285000 0.000000402540
352280000 0.000000332680
360275000 0.000000313930
368270000 0.000000561060
376265000 0.000000324870
384260000 0.000000515890
392255000 0.000000310050
400250000 0.000000316740
408245000 0.000000311560
416240000 0.000000317700
424235000 0.000000328160
432230000 0.000000316110
440225000 0.000000332200
448220000 0.000000326560
456215000 0.000000330480
464210000 0.000000317150
472205000 0.000000308880
480200000 0.000000326430
488195000 0.000000313590
496190000 0.000000322670
504185000 0.000000311580
512180000 0.000000317640
520175000 0.000000315210
528170000 0.000000310440
536165000 0.000000307690
544160000 0.000000307520
552155000 0.000000315190
560150000 0.000000341590
568145000 0.000000313330
576140000 0.000000313630
584135000 0.000000341510
592130000 0.000000330470
600125000 0.000000344410
608120000 0.000000349750
616115000 0.000000326630
624110000 0.000000327660
632105000 0.000000329390
640100000 0.000000332620
648095000 0.000000326820
656090000 0.000000326530
664085000 0.000000343770
672080000 0.000000337020
680075000 0.000000320560
688070000 0.000000322440
696065000 0.000000321120
704060000 0.000000325680
712055000 0.000000328230
720050000 0.000000327020
728045000 0.000000331260
736040000 0.000000334030
744035000 0.000000332170
752030000 0.000000334580
760025000 0.000000327770
768020000 0.000000330490
776015000 0.000000334730
784010000 0.000000331560
792005000 0.000000379810
800000000 0.000000322580
