500000 0.000000196480
8495000 0.000000234670
16490000 0.000000248330
24485000 0.000000247760
32480000 0.000000251850
40475000 0.000000255000
48470000 0.000000256110
56465000 0.000000257030
64460000 0.000000268430
72455000 0.000000267090
80450000 0.000000268910
88445000 0.000000261710
96440000 0.000000259210
104435000 0.000000277050
112430000 0.000000271520
120425000 0.000000269110
128420000 0.000000286870
136415000 0.000000270580
144410000 0.000000276610
152405000 0.000000276200
160400000 0.000000288510
168395000 0.000000271160
176390000 0.000000282190
184385000 0.000000282800
192380000 0.000000292660
200375000 0.000000281800
208370000 0.000000278930
216365000 0.000000365280
224360000 0.000000272100
232355000 0.000000300790
240350000 0.000000329450
248345000 0.000000272810
256340000 0.000000268850
264335000 0.000000272100
272330000 0.000000276050
280325000 0.000000279130
288320000 0.000000280240
296315000 0.000000291790
304310000 0.000000362660
312305000 0.000000352640
320300000 0.000000354860
328295000 0.000000354600
336290000 0.000000351580
344285000 0.000000360880
352280000 0.000000360560
360275000 0.000000344720
368270000 0.000000551450
376265000 0.000000359650
384260000 0.000000458320
392255000 0.000000345540
400250000 0.000000361520
408245000 0.000000349310
416240000 0.000000351950
424235000 0.000000344420
432230000 0.000000346390
440225000 0.000000362760
448220000 0.000000364090
456215000 0.000000359070
464210000 0.000000349530
472205000 0.000000347280
480200000 0.000000349610
488195000 0.000000349650
496190000 0.000000350130
504185000 0.000000348770
512180000 0.000000346000
520175000 0.000000361900
528170000 0.000000345800
536165000 0.000000344790
544160000 0.000000348910
552155000 0.000000345680
560150000 0.000000348940
568145000 0.000000353860
576140000 0.000000352130
584135000 0.000000358660
592130000 0.000000348590
600125000 0.000000346150
608120000 0.000000358180
616115000 0.000000348320
624110000 0.000000349980
632105000 0.000000354980
640100000 0.000000346760
648095000 0.000000350050
656090000 0.000000353540
664085000 0.000000358490
672080000 0.000000362030
680075000 0.000000345800
688070000 0.000000347880
696065000 0.000000347630
704060000 0.000000360940
712055000 0.000000361080
720050000 0.000000357090
728045000 0.000000359280
736040000 0.000000361350
744035000 0.000000371930
752030000 0.000000362890
760025000 0.000000358960
768020000 0.000000362830
776015000 0.000000357880
784010000 0.000000357400
792005000 0.000000369090
800000000 0.000000361430
