500000 48
8495000 60
16490000 64
24485000 64
32480000 64
40475000 64
48470000 68
56465000 68
64460000 68
72455000 68
80450000 68
88445000 68
96440000 68
104435000 68
112430000 68
120425000 68
128420000 68
136415000 72
144410000 72
152405000 72
160400000 72
168395000 72
176390000 72
184385000 72
192380000 72
200375000 72
208370000 72
216365000 72
224360000 72
232355000 72
240350000 72
248345000 72
256340000 72
264335000 72
272330000 72
280325000 72
288320000 72
296315000 72
304310000 72
312305000 72
320300000 72
328295000 72
336290000 72
344285000 72
352280000 72
360275000 72
368270000 72
376265000 72
384260000 72
392255000 76
400250000 76
408245000 76
416240000 76
424235000 76
432230000 76
440225000 76
448220000 76
456215000 76
464210000 76
472205000 76
480200000 76
488195000 76
496190000 76
504185000 76
512180000 76
520175000 76
528170000 76
536165000 76
544160000 76
552155000 76
560150000 76
568145000 76
576140000 76
584135000 76
592130000 76
600125000 76
608120000 76
616115000 76
624110000 76
632105000 76
640100000 76
648095000 76
656090000 76
664085000 76
672080000 76
680075000 76
688070000 76
696065000 76
704060000 76
712055000 76
720050000 76
728045000 76
736040000 76
744035000 76
752030000 76
760025000 76
768020000 76
776015000 76
784010000 76
792005000 76
800000000 76
