500000 54
8495000 69
16490000 69
24485000 72
32480000 72
40475000 75
48470000 75
56465000 75
64460000 75
72455000 78
80450000 78
88445000 78
96440000 78
104435000 78
112430000 78
120425000 78
128420000 78
136415000 81
144410000 81
152405000 81
160400000 81
168395000 81
176390000 81
184385000 81
192380000 81
200375000 81
208370000 81
216365000 81
224360000 81
232355000 81
240350000 81
248345000 81
256340000 81
264335000 81
272330000 84
280325000 84
288320000 84
296315000 84
304310000 84
312305000 84
320300000 84
328295000 84
336290000 84
344285000 84
352280000 84
360275000 84
368270000 84
376265000 84
384260000 84
392255000 84
400250000 84
408245000 84
416240000 84
424235000 84
432230000 84
440225000 84
448220000 84
456215000 84
464210000 84
472205000 84
480200000 84
488195000 84
496190000 84
504185000 84
512180000 84
520175000 84
528170000 84
536165000 84
544160000 87
552155000 87
560150000 87
568145000 87
576140000 87
584135000 87
592130000 87
600125000 87
608120000 87
616115000 87
624110000 87
632105000 87
640100000 87
648095000 87
656090000 87
664085000 87
672080000 87
680075000 87
688070000 87
696065000 87
704060000 87
712055000 87
720050000 87
728045000 87
736040000 87
744035000 87
752030000 87
760025000 87
768020000 87
776015000 87
784010000 87
792005000 87
800000000 87
