500000 91
8495000 116
16490000 116
24485000 121
32480000 121
40475000 126
48470000 126
56465000 126
64460000 126
72455000 131
80450000 131
88445000 131
96440000 131
104435000 131
112430000 131
120425000 131
128420000 131
136415000 136
144410000 136
152405000 136
160400000 136
168395000 136
176390000 136
184385000 136
192380000 136
200375000 136
208370000 136
216365000 136
224360000 136
232355000 136
240350000 136
248345000 136
256340000 136
264335000 136
272330000 141
280325000 141
288320000 141
296315000 141
304310000 141
312305000 141
320300000 141
328295000 141
336290000 141
344285000 141
352280000 141
360275000 141
368270000 141
376265000 141
384260000 141
392255000 141
400250000 141
408245000 141
416240000 141
424235000 141
432230000 141
440225000 141
448220000 141
456215000 141
464210000 141
472205000 141
480200000 141
488195000 141
496190000 141
504185000 141
512180000 141
520175000 141
528170000 141
536165000 141
544160000 146
552155000 146
560150000 146
568145000 146
576140000 146
584135000 146
592130000 146
600125000 146
608120000 146
616115000 146
624110000 146
632105000 146
640100000 146
648095000 146
656090000 146
664085000 146
672080000 146
680075000 146
688070000 146
696065000 146
704060000 146
712055000 146
720050000 146
728045000 146
736040000 146
744035000 146
752030000 146
760025000 146
768020000 146
776015000 146
784010000 146
792005000 146
800000000 146
