500000 711
8495000 2918
16490000 4064
24485000 4952
32480000 5703
40475000 6365
48470000 6966
56465000 7518
64460000 8032
72455000 8516
80450000 8973
88445000 9408
96440000 9824
104435000 10223
112430000 10607
120425000 10977
128420000 11336
136415000 11683
144410000 12021
152405000 12349
160400000 12668
168395000 12980
176390000 13285
184385000 13582
192380000 13874
200375000 14159
208370000 14439
216365000 14713
224360000 14982
232355000 15247
240350000 15507
248345000 15762
256340000 16014
264335000 16262
272330000 16506
280325000 16746
288320000 16983
296315000 17217
304310000 17448
312305000 17676
320300000 17900
328295000 18122
336290000 18342
344285000 18558
352280000 18773
360275000 18984
368270000 19194
376265000 19401
384260000 19606
392255000 19809
400250000 20010
408245000 20209
416240000 20405
424235000 20600
432230000 20794
440225000 20985
448220000 21175
456215000 21363
464210000 21549
472205000 21734
480200000 21917
488195000 22099
496190000 22279
504185000 22458
512180000 22635
520175000 22811
528170000 22985
536165000 23159
544160000 23331
552155000 23501
560150000 23671
568145000 23839
576140000 24006
584135000 24172
592130000 24337
600125000 24501
608120000 24664
616115000 24825
624110000 24986
632105000 25145
640100000 25304
648095000 25461
656090000 25618
664085000 25773
672080000 25928
680075000 26082
688070000 26235
696065000 26387
704060000 26538
712055000 26688
720050000 26837
728045000 26986
736040000 27134
744035000 27281
752030000 27427
760025000 27572
768020000 27717
776015000 27861
784010000 28004
792005000 28146
800000000 28288
