500000 0.000000125600
8495000 0.000000156680
16490000 0.000000162240
24485000 0.000000166980
32480000 0.000000162580
40475000 0.000000165890
48470000 0.000000172270
56465000 0.000000172300
64460000 0.000000183220
72455000 0.000000172580
80450000 0.000000170940
88445000 0.000000174250
96440000 0.000000176950
104435000 0.000000172910
112430000 0.000000179950
120425000 0.000000178770
128420000 0.000000181220
136415000 0.000000183340
144410000 0.000000178990
152405000 0.000000291170
160400000 0.000000189360
168395000 0.000000181410
176390000 0.000000201740
184385000 0.000000188740
192380000 0.000000189450
200375000 0.000000188270
208370000 0.000000182230
216365000 0.000000342210
224360000 0.000000188170
232355000 0.000000199960
240350000 0.000000179660
248345000 0.000000185010
256340000 0.000000180650
264335000 0.000000181660
272330000 0.000000183650
280325000 0.000000187920
288320000 0.000000187310
296315000 0.000000191440
304310000 0.000000228050
312305000 0.000000227920
320300000 0.000000229580
328295000 0.000000224080
336290000 0.000000221630
344285000 0.000000228900
352280000 0.000000228050
360275000 0.000000225330
368270000 0.000000329260
376265000 0.000000226670
384260000 0.000000339950
392255000 0.000000239660
400250000 0.000000234300
408245000 0.000000233610
416240000 0.000000236560
424235000 0.000000239850
432230000 0.000000234330
440225000 0.000000235320
448220000 0.000000236140
456215000 0.000000231910
464210000 0.000000232880
472205000 0.000000231530
480200000 0.000000230620
488195000 0.000000233780
496190000 0.000000230440
504185000 0.000000231600
512180000 0.000000233860
520175000 0.000000242620
528170000 0.000000237220
536165000 0.000000229280
544160000 0.000000233630
552155000 0.000000234570
560150000 0.000000238340
568145000 0.000000237260
576140000 0.000000233510
584135000 0.000000230830
592130000 0.000000232460
600125000 0.000000230720
608120000 0.000000233880
616115000 0.000000233780
624110000 0.000000232390
632105000 0.000000233140
640100000 0.000000231290
648095000 0.000000231840
656090000 0.000000237260
664085000 0.000000236140
672080000 0.000000242240
680075000 0.000000229690
688070000 0.000000233960
696065000 0.000000239690
704060000 0.000000232890
712055000 0.000000239130
720050000 0.000000231500
728045000 0.000000234130
736040000 0.000000239150
744035000 0.000000238440
752030000 0.000000239070
760025000 0.000000239230
768020000 0.000000234580
776015000 0.000000233190
784010000 0.000000239250
792005000 0.000000234080
800000000 0.000000231540
