500000 0.001179868730
8495000 0.020038710160
16490000 0.038770570440
24485000 0.062750170190
32480000 0.078304978380
40475000 0.096284276000
48470000 0.114459280370
56465000 0.134057804750
64460000 0.151382177510
72455000 0.169153499360
80450000 0.186676652830
88445000 0.206776951470
96440000 0.224534884270
104435000 0.264284637700
112430000 0.277441156120
120425000 0.304196680230
128420000 0.316474298910
136415000 0.329260294030
144410000 0.355224258910
152405000 0.369971615300
160400000 0.397519905810
168395000 0.409411611500
176390000 0.437425835770
184385000 0.460735084620
192380000 0.478950642430
200375000 0.498346675790
208370000 0.518060688870
216365000 0.532229173570
224360000 0.549053299200
232355000 0.570939630820
240350000 0.593004489410
248345000 0.572947574120
256340000 0.587134912720
264335000 0.605144946820
272330000 0.624392313740
280325000 0.660848260850
288320000 0.683472996390
296315000 0.738314693380
304310000 0.874280028420
312305000 0.921467966950
320300000 0.912333930340
328295000 0.927021171000
336290000 0.966988407640
344285000 1.032444894470
352280000 1.056599903280
360275000 1.078805022790
368270000 1.112306240710
376265000 1.126469209770
384260000 1.152075997530
392255000 1.185448919470
400250000 1.202874338620
408245000 1.203807665640
416240000 1.218440178830
424235000 1.240465988870
432230000 1.262677145260
440225000 1.285326275410
448220000 1.310468495840
456215000 1.323296661730
464210000 1.308606740280
472205000 1.330698701200
480200000 1.353490374780
488195000 1.375952104050
496190000 1.398798450360
504185000 1.421402127510
512180000 1.443818743680
520175000 1.466619373800
528170000 1.488773940130
536165000 1.511217388130
544160000 1.534054119170
552155000 1.556490185800
560150000 1.578816001410
568145000 1.604244205790
576140000 1.624047881950
584135000 1.646428450930
592130000 1.669496142050
600125000 1.691784285000
608120000 1.714266056620
616115000 1.736774720310
624110000 1.759246232410
632105000 1.782303219940
640100000 1.801497339450
648095000 1.824186842610
656090000 1.848741769720
664085000 1.871894031960
672080000 1.894058994350
680075000 1.917146130370
688070000 1.939426587070
696065000 1.961758564680
704060000 1.984577858370
712055000 2.010098799080
720050000 2.028670538670
728045000 2.051522781060
736040000 2.072526835120
744035000 2.095561735310
752030000 2.118115150150
760025000 2.141501991730
768020000 2.180514590510
776015000 2.187853533750
784010000 2.210176885400
792005000 2.232488164930
800000000 2.254936227310
